0325854235
0326014442
0327722348
0328003202
0329238584
0332577557
0332578557
0335008061
0335537241
0336419562
0336908547
0337484385
0337624992
0337802763
0338114486
0339219381
0339494377
0342821022
0343010364
0343207085
0343547884
0344252617
0344467840
0344691369
0344950768
0346404676
0347251989
0347634677
0347828027
0348185926
0348881926
0348882926
0348942033
0349390319
0349454987
0349543912
0352056761
0353497435
0355237234
0355373736
0355932636
0357081220
0357237283
0357792391
0357984650
0357984659
0358878386
0359437524
0359587893
0365415160
0365530266
0366602553
0368620268
0373002799
0374957454
0375588346
0376663211
0378411203
0379547008
0379696498
0379964885
0383625434
0384410905
0384723285
0385787407
0386084583
0386438386
0386729502
0386959520
0387268694
0387883817
0389087076
0389937482
0392379219
0392990921
0394110091
0394292795
0395525467
0395551582
0396282911
0396854228
0396961507
0397201511
0397479430
0397530256
0397790779
0397885004
0398212755
0399209514
0522235613
0522606863
0563183363
0566547831
0703695746
0705881605
0763361089
0764771746
0766247650
0772654610
0774594912
0775392429
0776618360
0776846270
0783452507
0786638715
0795373238
0799659786
0818371344
0819084077
0819623868
0834356006
0839021363
0842567080
0842644486
0847899737
0853210117
0853396356
0855182528
0857932449
0859067905
0859067905
0859697698
0862041750
0862864218
0866684634
0866699213
0866835322
0867093200
0868342043
0869041633
0869384251
0869998715
0886779573
0898408551
0901184385
0901833013
0904222244
0904321901
0905106485
0908246853
0908785907
0912565570
0915987481
0927378668
0927939091
0928256874
0933024865
0933136526
0933262330
0935027898
0935458808
0936608248
0937318126
0938513038
0943299994
0943299994
0945819572
0945856615
0946640956
0946907215
0947087343
0947252617
0949642289
0949668516
0949856360
0961105945
0961788257
0961843572
0962348402
0962624725
0963469637






































